2109,748,1,0,0
2109,766,2,0,0
2109,1077,3,0,0
2109,1084,4,0,0
2109,1078,5,0,0
2109,1076,6,0,0
2109,1087,7,0,0
2109,1079,8,0,0
2109,1080,9,0,0
2109,1081,10,0,0
2109,1086,11,0,0
2109,1075,12,0,0
2109,726,13,0,0
2109,722,14,0,0
2109,725,15,0,0
2109,723,16,0,0
2109,720,17,0,0
2109,724,18,0,0
2109,719,19,0,0
2109,721,20,0,0
2109,718,21,0,0
17019,207,1,0,0
17019,203,2,0,0
17019,1186,3,0,0
17019,670,4,0,0
17019,672,5,0,0
17019,681,6,0,0
17019,644,7,1,1
17029,644,1,0,0
17029,681,2,0,0
17029,672,3,0,0
17029,670,4,0,0
17029,1186,5,0,0
17029,203,6,1,0
17029,207,7,1,1
18019,647,1,0,0
18019,645,2,0,0
18019,648,3,0,0
18019,674,4,0,0
18019,681,5,0,0
18019,644,6,0,0
18019,676,7,0,0
18019,653,8,0,0
18019,651,9,0,0
18019,686,10,0,0
18019,680,11,0,0
18019,704,12,0,0
18019,683,13,0,0
18019,684,14,0,0
18019,716,15,0,0
18019,642,16,0,0
18019,654,17,1,1
18029,654,1,0,0
18029,642,2,0,0
18029,716,3,0,0
18029,684,4,0,0
18029,683,5,0,0
18029,704,6,0,0
18029,680,7,0,0
18029,686,8,0,0
18029,651,9,0,0
18029,653,10,0,0
18029,676,11,0,0
18029,644,12,0,0
18029,681,13,0,0
18029,674,14,0,0
18029,648,15,0,0
18029,645,16,0,0
18029,647,17,1,1
19019,683,1,0,0
19019,717,2,0,0
19019,583,3,1,1
19029,583,1,0,0
19029,717,2,0,0
19029,683,3,1,1
20019,207,1,0,0
20019,203,2,0,0
20019,1184,3,0,0
20019,5027,4,0,0
20019,5028,5,0,0
20019,777,6,0,0
20019,5029,7,0,0
20019,782,8,0,0
20019,750,9,0,0
20019,780,10,0,0
20019,776,11,0,0
20019,759,12,0,0
20019,1182,13,0,0
20019,1197,14,0,0
20019,768,15,0,0
20019,779,16,0,0
20019,781,17,0,0
20019,752,18,0,0
20019,749,19,0,0
20019,734,20,0,0
20019,765,21,0,0
20019,769,22,0,0
20019,770,23,0,0
20019,773,24,0,0
20019,761,25,0,0
20019,760,26,0,0
20019,753,27,0,0
20019,774,28,0,0
20019,757,29,0,0
20019,748,30,0,0
20019,766,31,1,1
20029,766,1,0,0
20029,748,2,0,0
20029,757,3,0,0
20029,774,4,0,0
20029,753,5,0,0
20029,760,6,0,0
20029,761,7,0,0
20029,773,8,0,0
20029,770,9,0,0
20029,769,10,0,0
20029,765,11,0,0
20029,734,12,0,0
20029,749,13,0,0
20029,752,14,0,0
20029,781,15,0,0
20029,779,16,0,0
20029,768,17,0,0
20029,1182,18,0,0
20029,1197,19,0,0
20029,759,20,0,0
20029,776,21,0,0
20029,780,22,0,0
20029,750,23,0,0
20029,782,24,0,0
20029,5029,25,0,0
20029,777,26,0,0
20029,5027,27,0,0
20029,5028,28,0,0
20029,1184,29,0,0
20029,207,30,1,0
20029,203,31,1,1
22019,648,1,0,0
22019,645,2,0,0
22019,647,3,0,0
22019,670,4,0,0
22019,671,5,0,0
22019,650,6,0,0
22019,678,7,0,0
22019,1186,8,0,0
22019,203,9,1,0
22019,207,10,1,1
22029,207,1,0,0
22029,203,2,0,0
22029,1186,3,0,0
22029,678,4,0,0
22029,650,5,0,0
22029,671,6,0,0
22029,670,7,0,0
22029,647,8,1,0
22029,645,9,1,0
22029,648,10,1,1
45019,734,1,0,0
45019,735,2,0,0
45019,739,3,0,0
45019,742,4,0,0
45019,741,5,0,0
45019,647,6,1,1
45029,647,1,0,0
45029,741,2,0,0
45029,742,3,0,0
45029,739,4,0,0
45029,735,5,0,0
45029,734,6,1,1
